((("cl-flet" .
   [0 0 0 0 1 0 0])
  ("flet" .
   [1 0 0 0])
  ("defalias" .
   [0 0 0 0 1 0 0 0])
  ("cond" .
   [2 0 0 0])
  ("cdr" .
   [1 0 0])
  ("cons" .
   [1 0 0 0])
  ("lambda" .
   [2 0 0 0 0 0])
  ("quote" .
   [0 0 0 0 1])
  ("required" .
   [1 0 0 0 0 0 0 0])
  ("autoload" .
   [0 0 0 0 0 0 0 1])
  ("switch-window" .
   [0 0 0 0 0 0 0 0 0 0 1 0 0])
  ("defun" .
   [0 0 0 1 0])
  ("fib" .
   [3 0 0])
  ("-" .
   [1])
  ("prelude-php" .
   [1 0 0 0 0 0 0 0 0 0 0])
  ("prelude-go" .
   [1 0 0 0 0 0 0 0 0 0])))
